40 44
40 43
41 43
42 43
43 44
44 44
45 44
44 43
44 42
43 42
43 41
43 40
42 39
42 38
41 38
40 37
39 37
38 36
37 36
36 36
35 36
34 36
33 36
32 36
32 37
31 37
30 37
30 36
29 36
29 35
28 35
28 34
27 33
27 32
28 31
28 30
28 29
28 28
28 27
28 26
29 26
29 25
30 25
30 24
31 23
32 23
33 23
34 23
34 24
35 24
36 24
37 24
38 25
39 25
75 42
28 22
27 22
26 23
28 21
29 21
29 20
30 20
31 20
32 21
33 21
34 21
34 22
33 20
33 19
32 19
32 18
32 17
32 16
31 16
30 16
29 16
28 16
27 16
26 16
25 16
24 15
23 15
22 14
21 14
21 13
20 13
22 15
23 16
23 17
23 18
23 19
23 20
23 21
23 22
24 22
25 23
26 22
30 19
31 19
31 18
33 17
19 9
19 10
18 10
18 9
17 9
16 9
15 10
15 11
15 12
15 13
15 14
15 16
15 17
16 18
18 19
20 19
21 20
21 21
20 22
19 23
19 24
19 25
20 27
22 28
24 28
26 28
27 28
31 22
32 20
33 15
34 14
36 12
38 12
39 11
39 12
40 12
40 13
40 14
40 15
39 16
39 18
38 19
38 20
38 21
38 22
39 23
39 24
40 25
41 25
41 26
41 27
42 28
41 28
41 29
41 30
41 31
42 31
42 32
42 33
43 33
43 34
43 35
43 36
43 37
40 38
39 36
38 34
37 32
36 31
35 30
34 30
34 29
33 29
33 28
32 28
31 28
30 28
30 29
30 30
31 31
32 32
33 33
34 33
35 33
36 33
36 32
39 31
40 30
42 27
43 25
43 24
43 23
44 23
44 22
44 21
44 20
44 18
44 17
44 16
44 15
44 14
44 13
44 12
44 11
43 10
43 9
43 8
42 8
41 7
39 7
38 6
37 6
60 22
3 35
4 35
5 35
6 35
7 35
8 35
9 35
10 35
11 35
12 35
13 35
14 35
60 21
52 8
10 25
10 26
10 27
10 28
10 29
10 30
4 32
5 32
6 32
7 32
8 32
9 32
10 32
11 32
12 32
13 32
14 32

30 10

14 26
4 33
5 33
6 33
7 33
8 33
9 33
10 33
11 33
12 33
13 33
60 24
58 27

